id,simulation_id,generation,distance,parent_1,parent_2,chemin,n_generations,mutation_rate,elitisme_rate,timestamp
1,1,0,23796.027756880285,"[0, 21, 47, 4, 32, 16, 3, 43, 12, 25, 46, 20, 28, 31, 33, 34, 1, 6, 23, 36, 9, 13, 15, 42, 29, 45, 10, 35, 19, 22, 24, 26, 50, 2, 14, 38, 48, 30, 49, 18, 5, 37, 41, 39, 11, 40, 7, 17, 27, 8, 44, 0]","[0, 25, 14, 46, 42, 22, 23, 7, 36, 31, 2, 48, 21, 18, 24, 12, 49, 8, 41, 13, 40, 9, 16, 26, 17, 45, 29, 1, 27, 43, 28, 10, 35, 37, 47, 38, 44, 34, 4, 5, 20, 19, 15, 50, 33, 30, 3, 6, 32, 39, 11, 0]","[0, 10, 35, 45, 29, 39, 11, 8, 25, 36, 43, 46, 3, 37, 21, 42, 49, 32, 7, 27, 22, 20, 31, 16, 17, 24, 41, 33, 19, 12, 30, 44, 1, 14, 6, 26, 40, 2, 47, 28, 48, 5, 9, 38, 34, 18, 13, 4, 15, 23, 50, 0]",50,0.2,0.2,2025-09-29 11:40:52.857348
2,1,0,27163.47640797764,"[0, 3, 5, 8, 37, 38, 40, 19, 28, 20, 2, 49, 29, 48, 21, 23, 34, 7, 35, 30, 33, 27, 18, 1, 10, 4, 41, 12, 39, 50, 24, 11, 46, 47, 13, 44, 32, 43, 15, 6, 17, 45, 36, 9, 42, 26, 22, 31, 14, 16, 25, 0]","[0, 39, 35, 24, 44, 42, 50, 38, 26, 16, 46, 30, 43, 2, 31, 21, 9, 48, 4, 14, 7, 5, 3, 25, 23, 18, 28, 11, 22, 12, 8, 32, 33, 19, 6, 15, 13, 17, 29, 40, 1, 41, 37, 47, 20, 34, 45, 27, 36, 10, 49, 0]","[0, 6, 15, 3, 5, 45, 21, 43, 49, 17, 29, 48, 11, 18, 7, 10, 30, 12, 24, 35, 25, 46, 16, 27, 9, 19, 37, 22, 42, 1, 33, 41, 40, 4, 34, 13, 50, 8, 20, 26, 32, 38, 28, 36, 23, 2, 47, 14, 39, 44, 31, 0]",50,0.2,0.2,2025-09-29 11:40:52.859031
3,1,0,26697.467270962774,"[0, 39, 41, 14, 49, 29, 21, 50, 20, 42, 13, 30, 38, 12, 31, 40, 9, 25, 11, 8, 10, 27, 28, 4, 33, 7, 32, 16, 22, 37, 1, 17, 43, 36, 26, 15, 5, 45, 34, 19, 23, 24, 2, 35, 44, 18, 48, 3, 6, 47, 46, 0]","[0, 38, 21, 29, 23, 17, 35, 24, 6, 50, 8, 45, 39, 25, 12, 30, 41, 40, 43, 5, 42, 34, 1, 20, 28, 37, 27, 7, 18, 49, 26, 31, 33, 15, 22, 9, 13, 2, 3, 36, 19, 46, 14, 32, 11, 10, 16, 47, 4, 44, 48, 0]","[0, 21, 29, 28, 40, 36, 39, 27, 42, 35, 2, 18, 48, 46, 49, 50, 1, 31, 32, 33, 14, 44, 25, 38, 47, 19, 10, 7, 13, 20, 22, 5, 17, 30, 45, 34, 43, 24, 11, 8, 26, 41, 12, 15, 3, 9, 6, 37, 16, 23, 4, 0]",50,0.2,0.2,2025-09-29 11:40:52.861080
4,1,0,27267.228291502015,"[0, 29, 15, 10, 5, 46, 14, 24, 9, 48, 36, 45, 21, 33, 31, 18, 34, 41, 12, 26, 42, 19, 11, 17, 43, 16, 30, 20, 3, 8, 6, 2, 49, 37, 25, 27, 7, 1, 39, 13, 35, 23, 28, 22, 4, 38, 32, 50, 40, 47, 44, 0]","[0, 8, 38, 32, 35, 1, 34, 9, 28, 11, 15, 39, 48, 40, 44, 23, 46, 4, 41, 13, 50, 6, 45, 43, 12, 36, 20, 16, 27, 29, 24, 14, 3, 49, 18, 7, 19, 31, 37, 10, 22, 21, 30, 2, 33, 17, 47, 5, 42, 26, 25, 0]","[0, 24, 14, 38, 32, 26, 42, 44, 39, 27, 23, 45, 35, 40, 11, 49, 21, 36, 8, 50, 43, 22, 19, 18, 17, 30, 1, 7, 5, 25, 29, 28, 13, 3, 15, 41, 16, 33, 10, 48, 9, 2, 12, 20, 37, 4, 6, 47, 34, 46, 31, 0]",50,0.2,0.2,2025-09-29 11:40:52.862718
5,1,0,25674.66824800373,"[0, 35, 21, 31, 6, 23, 25, 16, 5, 44, 8, 15, 22, 9, 49, 36, 47, 11, 20, 33, 26, 37, 40, 17, 50, 12, 7, 27, 4, 14, 29, 48, 28, 45, 18, 1, 10, 46, 19, 32, 41, 2, 13, 34, 3, 42, 43, 38, 24, 39, 30, 0]","[0, 25, 14, 46, 42, 22, 23, 7, 36, 31, 2, 48, 21, 18, 24, 12, 49, 8, 41, 13, 40, 9, 16, 26, 17, 45, 29, 1, 27, 43, 28, 10, 35, 37, 47, 38, 44, 34, 4, 5, 20, 19, 15, 50, 33, 30, 3, 6, 32, 39, 11, 0]","[0, 18, 20, 36, 12, 1, 30, 15, 24, 48, 46, 40, 10, 47, 35, 17, 21, 3, 50, 37, 31, 27, 49, 19, 26, 13, 7, 38, 2, 39, 8, 22, 23, 5, 44, 33, 32, 43, 16, 6, 34, 14, 11, 42, 25, 45, 41, 9, 28, 4, 29, 0]",50,0.2,0.2,2025-09-29 11:40:52.864233
6,1,0,27368.69372252488,"[0, 21, 47, 4, 32, 16, 3, 43, 12, 25, 46, 20, 28, 31, 33, 34, 1, 6, 23, 36, 9, 13, 15, 42, 29, 45, 10, 35, 19, 22, 24, 26, 50, 2, 14, 38, 48, 30, 49, 18, 5, 37, 41, 39, 11, 40, 7, 17, 27, 8, 44, 0]","[0, 8, 38, 32, 35, 1, 34, 9, 28, 11, 15, 39, 48, 40, 44, 23, 46, 4, 41, 13, 50, 6, 45, 43, 12, 36, 20, 16, 27, 29, 24, 14, 3, 49, 18, 7, 19, 31, 37, 10, 22, 21, 30, 2, 33, 17, 47, 5, 42, 26, 25, 0]","[0, 49, 18, 43, 12, 34, 1, 17, 7, 23, 37, 22, 31, 36, 44, 21, 39, 28, 29, 27, 2, 9, 11, 40, 8, 46, 15, 47, 19, 35, 16, 4, 42, 33, 13, 6, 48, 3, 50, 30, 45, 26, 5, 10, 32, 25, 24, 14, 38, 41, 20, 0]",50,0.2,0.2,2025-09-29 11:40:52.865813
7,1,0,26650.063087005747,"[0, 34, 29, 22, 20, 31, 42, 7, 50, 40, 13, 47, 16, 49, 5, 43, 8, 46, 26, 23, 11, 21, 12, 37, 1, 10, 30, 14, 15, 32, 27, 38, 9, 28, 3, 39, 19, 17, 48, 24, 2, 41, 6, 44, 33, 36, 45, 18, 25, 4, 35, 0]","[0, 35, 21, 31, 6, 23, 25, 16, 5, 44, 8, 15, 22, 9, 49, 36, 47, 11, 20, 33, 26, 37, 40, 17, 50, 12, 7, 27, 4, 14, 29, 48, 28, 45, 18, 1, 10, 46, 19, 32, 41, 2, 13, 34, 3, 42, 43, 38, 24, 39, 30, 0]","[0, 20, 41, 45, 18, 1, 10, 35, 19, 43, 40, 28, 50, 6, 3, 48, 2, 37, 31, 49, 34, 14, 38, 12, 47, 15, 32, 25, 21, 29, 11, 36, 8, 39, 30, 5, 26, 7, 22, 24, 27, 16, 9, 13, 42, 4, 17, 44, 23, 46, 33, 0]",50,0.2,0.2,2025-09-29 11:40:52.867516
8,1,0,24829.149868706776,"[0, 39, 41, 14, 49, 29, 21, 50, 20, 42, 13, 30, 38, 12, 31, 40, 9, 25, 11, 8, 10, 27, 28, 4, 33, 7, 32, 16, 22, 37, 1, 17, 43, 36, 26, 15, 5, 45, 34, 19, 23, 24, 2, 35, 44, 18, 48, 3, 6, 47, 46, 0]","[0, 17, 6, 42, 8, 38, 13, 44, 25, 29, 43, 2, 22, 50, 34, 28, 26, 4, 11, 39, 24, 41, 12, 47, 48, 49, 32, 9, 20, 14, 21, 10, 7, 36, 31, 19, 5, 37, 40, 3, 33, 16, 1, 35, 23, 15, 46, 45, 18, 30, 27, 0]","[0, 29, 24, 47, 31, 8, 40, 38, 48, 36, 32, 33, 28, 7, 14, 1, 26, 13, 39, 21, 45, 25, 2, 34, 6, 23, 12, 9, 37, 30, 43, 44, 3, 5, 20, 19, 10, 35, 4, 46, 17, 18, 50, 49, 22, 42, 16, 27, 15, 41, 11, 0]",50,0.2,0.2,2025-09-29 11:40:52.869318
9,1,0,25410.98008112409,"[0, 21, 47, 4, 32, 16, 3, 43, 12, 25, 46, 20, 28, 31, 33, 34, 1, 6, 23, 36, 9, 13, 15, 42, 29, 45, 10, 35, 19, 22, 24, 26, 50, 2, 14, 38, 48, 30, 49, 18, 5, 37, 41, 39, 11, 40, 7, 17, 27, 8, 44, 0]","[0, 34, 29, 22, 20, 31, 42, 7, 50, 40, 13, 47, 16, 49, 5, 43, 8, 46, 26, 23, 11, 21, 12, 37, 1, 10, 30, 14, 15, 32, 27, 38, 9, 28, 3, 39, 19, 17, 48, 24, 2, 41, 6, 44, 33, 36, 45, 18, 25, 4, 35, 0]","[0, 48, 18, 32, 24, 12, 20, 41, 15, 19, 35, 13, 10, 49, 23, 9, 42, 25, 34, 30, 26, 6, 37, 29, 38, 45, 3, 16, 5, 8, 31, 7, 28, 22, 27, 50, 2, 4, 11, 36, 47, 46, 1, 39, 33, 43, 21, 44, 17, 14, 40, 0]",50,0.2,0.2,2025-09-29 11:40:52.871624
10,1,0,26228.869659501463,"[0, 34, 29, 22, 20, 31, 42, 7, 50, 40, 13, 47, 16, 49, 5, 43, 8, 46, 26, 23, 11, 21, 12, 37, 1, 10, 30, 14, 15, 32, 27, 38, 9, 28, 3, 39, 19, 17, 48, 24, 2, 41, 6, 44, 33, 36, 45, 18, 25, 4, 35, 0]","[0, 8, 38, 32, 35, 1, 34, 9, 28, 11, 15, 39, 48, 40, 44, 23, 46, 4, 41, 13, 50, 6, 45, 43, 12, 36, 20, 16, 27, 29, 24, 14, 3, 49, 18, 7, 19, 31, 37, 10, 22, 21, 30, 2, 33, 17, 47, 5, 42, 26, 25, 0]","[0, 9, 28, 19, 10, 1, 8, 6, 4, 44, 46, 21, 13, 14, 41, 23, 35, 39, 27, 7, 42, 24, 22, 36, 47, 16, 48, 37, 50, 25, 26, 30, 31, 49, 34, 40, 15, 33, 18, 17, 43, 3, 11, 38, 2, 32, 20, 45, 5, 12, 29, 0]",50,0.2,0.2,2025-09-29 11:40:52.873181
11,1,0,25155.861821417384,"[0, 34, 29, 22, 20, 31, 42, 7, 50, 40, 13, 47, 16, 49, 5, 43, 8, 46, 26, 23, 11, 21, 12, 37, 1, 10, 30, 14, 15, 32, 27, 38, 9, 28, 3, 39, 19, 17, 48, 24, 2, 41, 6, 44, 33, 36, 45, 18, 25, 4, 35, 0]","[0, 35, 6, 9, 10, 50, 20, 30, 32, 48, 39, 14, 1, 12, 28, 23, 21, 26, 42, 22, 19, 3, 31, 40, 13, 27, 5, 4, 29, 49, 41, 11, 44, 47, 33, 46, 45, 7, 2, 36, 38, 37, 24, 43, 17, 16, 34, 25, 8, 15, 18, 0]","[0, 40, 13, 35, 50, 16, 30, 2, 28, 20, 34, 26, 39, 24, 5, 33, 14, 32, 22, 4, 36, 3, 12, 45, 46, 41, 21, 44, 15, 25, 8, 37, 6, 42, 18, 29, 47, 11, 43, 1, 19, 27, 10, 23, 7, 31, 48, 38, 17, 9, 49, 0]",50,0.2,0.2,2025-09-29 11:40:52.874626
12,1,0,24155.979596634923,"[0, 35, 21, 31, 6, 23, 25, 16, 5, 44, 8, 15, 22, 9, 49, 36, 47, 11, 20, 33, 26, 37, 40, 17, 50, 12, 7, 27, 4, 14, 29, 48, 28, 45, 18, 1, 10, 46, 19, 32, 41, 2, 13, 34, 3, 42, 43, 38, 24, 39, 30, 0]","[0, 21, 47, 4, 32, 16, 3, 43, 12, 25, 46, 20, 28, 31, 33, 34, 1, 6, 23, 36, 9, 13, 15, 42, 29, 45, 10, 35, 19, 22, 24, 26, 50, 2, 14, 38, 48, 30, 49, 18, 5, 37, 41, 39, 11, 40, 7, 17, 27, 8, 44, 0]","[0, 44, 8, 6, 23, 10, 16, 32, 12, 42, 17, 39, 40, 33, 26, 46, 20, 28, 13, 38, 27, 29, 2, 22, 14, 25, 24, 15, 31, 35, 48, 5, 45, 4, 30, 19, 36, 21, 47, 11, 41, 18, 49, 1, 7, 9, 50, 43, 3, 34, 37, 0]",50,0.2,0.2,2025-09-29 11:40:52.876005
13,1,0,27272.581218249605,"[0, 21, 47, 4, 32, 16, 3, 43, 12, 25, 46, 20, 28, 31, 33, 34, 1, 6, 23, 36, 9, 13, 15, 42, 29, 45, 10, 35, 19, 22, 24, 26, 50, 2, 14, 38, 48, 30, 49, 18, 5, 37, 41, 39, 11, 40, 7, 17, 27, 8, 44, 0]","[0, 34, 29, 22, 20, 31, 42, 7, 50, 40, 13, 47, 16, 49, 5, 43, 8, 46, 26, 23, 11, 21, 12, 37, 1, 10, 30, 14, 15, 32, 27, 38, 9, 28, 3, 39, 19, 17, 48, 24, 2, 41, 6, 44, 33, 36, 45, 18, 25, 4, 35, 0]","[0, 12, 3, 13, 7, 33, 9, 48, 1, 31, 35, 34, 11, 30, 8, 22, 38, 24, 4, 20, 47, 44, 15, 27, 2, 29, 25, 17, 32, 21, 6, 16, 49, 42, 45, 37, 19, 26, 40, 28, 14, 36, 23, 41, 10, 39, 5, 46, 50, 18, 43, 0]",50,0.2,0.2,2025-09-29 11:40:52.877445
14,1,0,24032.297903290008,"[0, 23, 21, 47, 4, 24, 29, 14, 19, 31, 45, 41, 2, 44, 5, 48, 12, 38, 32, 8, 33, 10, 7, 26, 42, 9, 16, 49, 35, 6, 15, 20, 18, 27, 28, 50, 46, 22, 37, 30, 25, 40, 13, 11, 3, 36, 39, 17, 43, 1, 34, 0]","[0, 45, 7, 26, 17, 13, 22, 34, 9, 24, 30, 21, 44, 42, 16, 41, 47, 11, 23, 5, 10, 19, 32, 3, 35, 4, 27, 28, 37, 31, 46, 20, 39, 2, 33, 43, 40, 15, 49, 25, 36, 6, 50, 12, 38, 48, 14, 18, 29, 8, 1, 0]","[0, 7, 26, 27, 28, 12, 38, 41, 45, 32, 37, 3, 1, 48, 19, 30, 29, 5, 6, 9, 33, 2, 50, 31, 40, 25, 47, 43, 13, 42, 17, 36, 23, 44, 10, 46, 49, 4, 14, 16, 35, 18, 11, 20, 22, 21, 15, 24, 34, 39, 8, 0]",50,0.2,0.2,2025-09-29 11:40:52.878843
15,1,0,26293.667184297716,"[0, 23, 21, 47, 4, 24, 29, 14, 19, 31, 45, 41, 2, 44, 5, 48, 12, 38, 32, 8, 33, 10, 7, 26, 42, 9, 16, 49, 35, 6, 15, 20, 18, 27, 28, 50, 46, 22, 37, 30, 25, 40, 13, 11, 3, 36, 39, 17, 43, 1, 34, 0]","[0, 31, 3, 34, 45, 27, 2, 25, 19, 26, 29, 24, 9, 6, 46, 40, 15, 41, 32, 10, 5, 11, 4, 48, 38, 47, 33, 1, 37, 13, 49, 12, 17, 16, 30, 21, 14, 39, 50, 20, 35, 22, 8, 28, 44, 18, 36, 43, 7, 23, 42, 0]","[0, 29, 24, 4, 47, 17, 37, 34, 18, 8, 30, 44, 40, 49, 22, 3, 11, 48, 16, 20, 2, 39, 9, 23, 43, 42, 1, 27, 32, 26, 15, 21, 13, 19, 14, 41, 38, 35, 36, 31, 25, 7, 33, 45, 46, 6, 5, 10, 12, 50, 28, 0]",50,0.2,0.2,2025-09-29 11:40:52.880163
16,1,0,25012.565006071756,"[0, 45, 7, 26, 17, 13, 22, 34, 9, 24, 30, 21, 44, 42, 16, 41, 47, 11, 23, 5, 10, 19, 32, 3, 35, 4, 27, 28, 37, 31, 46, 20, 39, 2, 33, 43, 40, 15, 49, 25, 36, 6, 50, 12, 38, 48, 14, 18, 29, 8, 1, 0]","[0, 45, 50, 42, 20, 2, 4, 17, 12, 33, 18, 3, 27, 40, 47, 9, 31, 39, 8, 23, 41, 5, 43, 7, 19, 10, 6, 48, 16, 21, 38, 25, 37, 46, 1, 26, 36, 15, 49, 32, 35, 14, 30, 24, 13, 34, 44, 28, 29, 22, 11, 0]","[0, 15, 49, 19, 10, 45, 30, 24, 13, 29, 35, 3, 4, 32, 6, 17, 14, 38, 28, 44, 36, 48, 2, 20, 1, 47, 21, 50, 43, 8, 7, 23, 16, 40, 26, 12, 39, 27, 22, 5, 9, 37, 46, 34, 18, 25, 31, 42, 11, 33, 41, 0]",50,0.2,0.2,2025-09-29 11:40:52.881563
17,1,0,24628.654061217585,"[0, 26, 8, 11, 19, 9, 35, 3, 10, 47, 27, 14, 36, 2, 32, 31, 24, 18, 13, 34, 7, 15, 21, 23, 41, 49, 39, 16, 50, 20, 48, 42, 6, 46, 38, 44, 22, 12, 5, 4, 1, 37, 30, 28, 25, 40, 43, 17, 29, 45, 33, 0]","[0, 3, 5, 8, 37, 38, 40, 19, 28, 20, 2, 49, 29, 48, 21, 23, 34, 7, 35, 30, 33, 27, 18, 1, 10, 4, 41, 12, 39, 50, 24, 11, 46, 47, 13, 44, 32, 43, 15, 6, 17, 45, 36, 9, 42, 26, 22, 31, 14, 16, 25, 0]","[0, 34, 7, 21, 23, 50, 3, 27, 24, 49, 33, 48, 17, 30, 46, 14, 9, 32, 19, 1, 18, 43, 36, 28, 15, 11, 38, 26, 8, 35, 45, 40, 12, 29, 25, 20, 41, 4, 16, 47, 6, 37, 22, 2, 31, 10, 39, 13, 42, 5, 44, 0]",50,0.2,0.2,2025-09-29 11:40:52.882839
18,1,0,26172.209279789735,"[0, 45, 50, 42, 20, 2, 4, 17, 12, 33, 18, 3, 27, 40, 47, 9, 31, 39, 8, 23, 41, 5, 43, 7, 19, 10, 6, 48, 16, 21, 38, 25, 37, 46, 1, 26, 36, 15, 49, 32, 35, 14, 30, 24, 13, 34, 44, 28, 29, 22, 11, 0]","[0, 26, 8, 11, 19, 9, 35, 3, 10, 47, 27, 14, 36, 2, 32, 31, 24, 18, 13, 34, 7, 15, 21, 23, 41, 49, 39, 16, 50, 20, 48, 42, 6, 46, 38, 44, 22, 12, 5, 4, 1, 37, 30, 28, 25, 40, 43, 17, 29, 45, 33, 0]","[0, 23, 41, 13, 34, 25, 6, 32, 28, 8, 50, 49, 2, 24, 48, 39, 38, 14, 26, 40, 20, 42, 33, 21, 3, 19, 12, 43, 44, 7, 10, 47, 31, 27, 5, 18, 4, 9, 16, 17, 37, 30, 1, 35, 22, 11, 46, 29, 45, 36, 15, 0]",50,0.2,0.2,2025-09-29 11:40:52.884103
19,1,0,26915.984800024205,"[0, 45, 7, 26, 17, 13, 22, 34, 9, 24, 30, 21, 44, 42, 16, 41, 47, 11, 23, 5, 10, 19, 32, 3, 35, 4, 27, 28, 37, 31, 46, 20, 39, 2, 33, 43, 40, 15, 49, 25, 36, 6, 50, 12, 38, 48, 14, 18, 29, 8, 1, 0]","[0, 17, 6, 42, 8, 38, 13, 44, 25, 29, 43, 2, 22, 50, 34, 28, 26, 4, 11, 39, 24, 41, 12, 47, 48, 49, 32, 9, 20, 14, 21, 10, 7, 36, 31, 19, 5, 37, 40, 3, 33, 16, 1, 35, 23, 15, 46, 45, 18, 30, 27, 0]","[0, 27, 7, 35, 33, 18, 20, 43, 11, 45, 28, 48, 17, 29, 19, 4, 36, 23, 21, 12, 22, 47, 2, 37, 16, 32, 26, 13, 49, 40, 41, 39, 38, 14, 34, 31, 8, 25, 30, 46, 6, 44, 3, 24, 42, 1, 5, 50, 9, 10, 15, 0]",50,0.2,0.2,2025-09-29 11:40:52.885468
20,1,0,26835.63169101707,"[0, 31, 3, 34, 45, 27, 2, 25, 19, 26, 29, 24, 9, 6, 46, 40, 15, 41, 32, 10, 5, 11, 4, 48, 38, 47, 33, 1, 37, 13, 49, 12, 17, 16, 30, 21, 14, 39, 50, 20, 35, 22, 8, 28, 44, 18, 36, 43, 7, 23, 42, 0]","[0, 23, 21, 47, 4, 24, 29, 14, 19, 31, 45, 41, 2, 44, 5, 48, 12, 38, 32, 8, 33, 10, 7, 26, 42, 9, 16, 49, 35, 6, 15, 20, 18, 27, 28, 50, 46, 22, 37, 30, 25, 40, 13, 11, 3, 36, 39, 17, 43, 1, 34, 0]","[0, 29, 24, 36, 13, 7, 30, 33, 46, 2, 31, 45, 47, 18, 6, 39, 19, 4, 5, 10, 40, 17, 25, 41, 23, 49, 20, 34, 8, 42, 21, 37, 16, 9, 38, 1, 15, 43, 28, 35, 50, 3, 44, 12, 14, 32, 22, 48, 11, 27, 26, 0]",50,0.2,0.2,2025-09-29 11:40:52.888026
21,1,0,28299.659562498153,"[0, 34, 29, 22, 20, 31, 42, 7, 50, 40, 13, 47, 16, 49, 5, 43, 8, 46, 26, 23, 11, 21, 12, 37, 1, 10, 30, 14, 15, 32, 27, 38, 9, 28, 3, 39, 19, 17, 48, 24, 2, 41, 6, 44, 33, 36, 45, 18, 25, 4, 35, 0]","[0, 19, 44, 20, 49, 33, 22, 50, 15, 13, 12, 25, 17, 2, 3, 40, 24, 38, 39, 21, 4, 23, 30, 1, 26, 27, 29, 36, 45, 42, 28, 5, 10, 35, 46, 16, 32, 37, 31, 9, 48, 6, 11, 18, 43, 47, 7, 14, 41, 8, 34, 0]","[0, 36, 44, 34, 21, 38, 31, 13, 16, 7, 39, 29, 46, 40, 48, 26, 23, 17, 20, 1, 9, 32, 42, 3, 50, 35, 6, 37, 4, 45, 12, 15, 43, 14, 47, 5, 25, 11, 22, 18, 41, 28, 8, 27, 10, 30, 33, 24, 49, 19, 2, 0]",50,0.2,0.2,2025-09-29 11:40:52.889537
22,1,0,24583.77370917137,"[0, 26, 8, 11, 19, 9, 35, 3, 10, 47, 27, 14, 36, 2, 32, 31, 24, 18, 13, 34, 7, 15, 21, 23, 41, 49, 39, 16, 50, 20, 48, 42, 6, 46, 38, 44, 22, 12, 5, 4, 1, 37, 30, 28, 25, 40, 43, 17, 29, 45, 33, 0]","[0, 23, 21, 47, 4, 24, 29, 14, 19, 31, 45, 41, 2, 44, 5, 48, 12, 38, 32, 8, 33, 10, 7, 26, 42, 9, 16, 49, 35, 6, 15, 20, 18, 27, 28, 50, 46, 22, 37, 30, 25, 40, 13, 11, 3, 36, 39, 17, 43, 1, 34, 0]","[0, 37, 30, 25, 40, 43, 17, 23, 21, 12, 4, 32, 41, 8, 34, 10, 3, 33, 9, 18, 28, 13, 1, 26, 24, 14, 50, 29, 42, 19, 36, 20, 16, 44, 6, 49, 22, 31, 2, 35, 15, 47, 39, 11, 46, 7, 38, 5, 27, 48, 45, 0]",50,0.2,0.2,2025-09-29 11:40:52.890900
23,1,0,26377.251679940757,"[0, 8, 38, 32, 35, 1, 34, 9, 28, 11, 15, 39, 48, 40, 44, 23, 46, 4, 41, 13, 50, 6, 45, 43, 12, 36, 20, 16, 27, 29, 24, 14, 3, 49, 18, 7, 19, 31, 37, 10, 22, 21, 30, 2, 33, 17, 47, 5, 42, 26, 25, 0]","[0, 3, 5, 8, 37, 38, 40, 19, 28, 20, 2, 49, 29, 48, 21, 23, 34, 7, 35, 30, 33, 27, 18, 1, 10, 4, 41, 12, 39, 50, 24, 11, 46, 47, 13, 44, 32, 43, 15, 6, 17, 45, 36, 9, 42, 26, 22, 31, 14, 16, 25, 0]","[0, 42, 26, 4, 41, 25, 20, 28, 37, 17, 9, 23, 46, 32, 44, 27, 11, 48, 10, 50, 31, 33, 22, 7, 35, 19, 49, 6, 1, 14, 36, 12, 29, 15, 3, 30, 5, 21, 40, 34, 16, 18, 47, 38, 2, 39, 13, 43, 8, 45, 24, 0]",50,0.2,0.2,2025-09-29 11:40:52.892188
24,1,0,24931.441512024183,"[0, 17, 6, 42, 8, 38, 13, 44, 25, 29, 43, 2, 22, 50, 34, 28, 26, 4, 11, 39, 24, 41, 12, 47, 48, 49, 32, 9, 20, 14, 21, 10, 7, 36, 31, 19, 5, 37, 40, 3, 33, 16, 1, 35, 23, 15, 46, 45, 18, 30, 27, 0]","[0, 29, 15, 10, 5, 46, 14, 24, 9, 48, 36, 45, 21, 33, 31, 18, 34, 41, 12, 26, 42, 19, 11, 17, 43, 16, 30, 20, 3, 8, 6, 2, 49, 37, 25, 27, 7, 1, 39, 13, 35, 23, 28, 22, 4, 38, 32, 50, 40, 47, 44, 0]","[0, 41, 12, 35, 23, 7, 40, 16, 21, 44, 2, 32, 39, 43, 49, 36, 27, 45, 11, 18, 10, 26, 42, 8, 15, 37, 30, 3, 31, 34, 19, 47, 24, 20, 13, 5, 17, 28, 46, 14, 22, 6, 9, 50, 1, 33, 48, 25, 38, 4, 29, 0]",50,0.2,0.2,2025-09-29 11:40:52.893459
25,1,0,23236.702328682473,"[0, 8, 38, 32, 35, 1, 34, 9, 28, 11, 15, 39, 48, 40, 44, 23, 46, 4, 41, 13, 50, 6, 45, 43, 12, 36, 20, 16, 27, 29, 24, 14, 3, 49, 18, 7, 19, 31, 37, 10, 22, 21, 30, 2, 33, 17, 47, 5, 42, 26, 25, 0]","[0, 23, 21, 47, 4, 24, 29, 14, 19, 31, 45, 41, 2, 44, 5, 48, 12, 38, 32, 8, 33, 10, 7, 26, 42, 9, 16, 49, 35, 6, 15, 20, 18, 27, 28, 50, 46, 22, 37, 30, 25, 40, 13, 11, 3, 36, 39, 17, 43, 1, 34, 0]","[0, 1, 34, 42, 26, 19, 31, 29, 24, 38, 32, 11, 25, 8, 17, 7, 28, 16, 6, 18, 30, 46, 35, 36, 50, 23, 27, 14, 15, 49, 20, 39, 3, 44, 10, 43, 40, 2, 5, 45, 47, 21, 22, 41, 48, 13, 33, 12, 37, 4, 9, 0]",50,0.2,0.2,2025-09-29 11:40:52.894794
26,1,0,25329.833772784375,"[0, 8, 38, 32, 35, 1, 34, 9, 28, 11, 15, 39, 48, 40, 44, 23, 46, 4, 41, 13, 50, 6, 45, 43, 12, 36, 20, 16, 27, 29, 24, 14, 3, 49, 18, 7, 19, 31, 37, 10, 22, 21, 30, 2, 33, 17, 47, 5, 42, 26, 25, 0]","[0, 17, 6, 42, 8, 38, 13, 44, 25, 29, 43, 2, 22, 50, 34, 28, 26, 4, 11, 39, 24, 41, 12, 47, 48, 49, 32, 9, 20, 14, 21, 10, 7, 36, 31, 19, 5, 37, 40, 3, 33, 16, 1, 35, 23, 15, 46, 45, 18, 30, 27, 0]","[0, 1, 35, 19, 31, 8, 38, 49, 47, 32, 26, 14, 33, 3, 17, 41, 40, 9, 24, 16, 7, 45, 39, 50, 29, 37, 11, 4, 42, 30, 22, 25, 28, 34, 18, 12, 13, 43, 21, 46, 2, 36, 27, 15, 48, 6, 44, 23, 10, 5, 20, 0]",50,0.2,0.2,2025-09-29 11:40:52.896043
27,1,0,24136.64371579812,"[0, 17, 6, 42, 8, 38, 13, 44, 25, 29, 43, 2, 22, 50, 34, 28, 26, 4, 11, 39, 24, 41, 12, 47, 48, 49, 32, 9, 20, 14, 21, 10, 7, 36, 31, 19, 5, 37, 40, 3, 33, 16, 1, 35, 23, 15, 46, 45, 18, 30, 27, 0]","[0, 31, 3, 34, 45, 27, 2, 25, 19, 26, 29, 24, 9, 6, 46, 40, 15, 41, 32, 10, 5, 11, 4, 48, 38, 47, 33, 1, 37, 13, 49, 12, 17, 16, 30, 21, 14, 39, 50, 20, 35, 22, 8, 28, 44, 18, 36, 43, 7, 23, 42, 0]","[0, 14, 21, 11, 4, 7, 17, 27, 24, 16, 5, 1, 48, 6, 9, 42, 8, 50, 41, 37, 19, 15, 28, 18, 38, 23, 22, 25, 35, 32, 44, 43, 30, 3, 40, 12, 29, 26, 20, 47, 33, 31, 39, 13, 36, 2, 49, 34, 46, 45, 10, 0]",50,0.2,0.2,2025-09-29 11:40:52.897265
28,1,0,25724.62497932195,"[0, 35, 21, 31, 6, 23, 25, 16, 5, 44, 8, 15, 22, 9, 49, 36, 47, 11, 20, 33, 26, 37, 40, 17, 50, 12, 7, 27, 4, 14, 29, 48, 28, 45, 18, 1, 10, 46, 19, 32, 41, 2, 13, 34, 3, 42, 43, 38, 24, 39, 30, 0]","[0, 29, 15, 10, 5, 46, 14, 24, 9, 48, 36, 45, 21, 33, 31, 18, 34, 41, 12, 26, 42, 19, 11, 17, 43, 16, 30, 20, 3, 8, 6, 2, 49, 37, 25, 27, 7, 1, 39, 13, 35, 23, 28, 22, 4, 38, 32, 50, 40, 47, 44, 0]","[0, 27, 7, 42, 46, 48, 44, 4, 39, 34, 28, 3, 2, 20, 36, 49, 16, 5, 33, 35, 15, 32, 22, 45, 14, 31, 47, 10, 29, 38, 13, 6, 12, 19, 37, 43, 23, 21, 18, 17, 25, 24, 30, 9, 11, 40, 50, 8, 1, 26, 41, 0]",50,0.2,0.2,2025-09-29 11:40:52.898525
29,1,0,27115.80980436997,"[0, 26, 8, 11, 19, 9, 35, 3, 10, 47, 27, 14, 36, 2, 32, 31, 24, 18, 13, 34, 7, 15, 21, 23, 41, 49, 39, 16, 50, 20, 48, 42, 6, 46, 38, 44, 22, 12, 5, 4, 1, 37, 30, 28, 25, 40, 43, 17, 29, 45, 33, 0]","[0, 3, 5, 8, 37, 38, 40, 19, 28, 20, 2, 49, 29, 48, 21, 23, 34, 7, 35, 30, 33, 27, 18, 1, 10, 4, 41, 12, 39, 50, 24, 11, 46, 47, 13, 44, 32, 43, 15, 6, 17, 45, 36, 9, 42, 26, 22, 31, 14, 16, 25, 0]","[0, 34, 7, 21, 23, 28, 14, 31, 27, 8, 26, 15, 47, 12, 3, 29, 37, 19, 5, 33, 17, 4, 49, 44, 45, 9, 18, 38, 30, 25, 6, 13, 48, 10, 46, 35, 16, 1, 32, 22, 41, 11, 42, 43, 50, 2, 20, 40, 39, 36, 24, 0]",50,0.2,0.2,2025-09-29 11:40:52.899741
30,1,0,25199.877135411836,"[0, 3, 5, 8, 37, 38, 40, 19, 28, 20, 2, 49, 29, 48, 21, 23, 34, 7, 35, 30, 33, 27, 18, 1, 10, 4, 41, 12, 39, 50, 24, 11, 46, 47, 13, 44, 32, 43, 15, 6, 17, 45, 36, 9, 42, 26, 22, 31, 14, 16, 25, 0]","[0, 25, 14, 46, 42, 22, 23, 7, 36, 31, 2, 48, 21, 18, 24, 12, 49, 8, 41, 13, 40, 9, 16, 26, 17, 45, 29, 1, 27, 43, 28, 10, 35, 37, 47, 38, 44, 34, 4, 5, 20, 19, 15, 50, 33, 30, 3, 6, 32, 39, 11, 0]","[0, 30, 33, 17, 45, 48, 21, 25, 8, 10, 19, 27, 13, 36, 31, 43, 6, 5, 40, 11, 20, 50, 47, 26, 14, 23, 7, 29, 35, 38, 1, 34, 32, 16, 46, 15, 12, 44, 41, 42, 2, 28, 4, 24, 49, 9, 22, 39, 18, 3, 37, 0]",50,0.2,0.2,2025-09-29 11:40:52.900993
31,1,0,24293.87138471618,"[0, 25, 14, 46, 42, 22, 23, 7, 36, 31, 2, 48, 21, 18, 24, 12, 49, 8, 41, 13, 40, 9, 16, 26, 17, 45, 29, 1, 27, 43, 28, 10, 35, 37, 47, 38, 44, 34, 4, 5, 20, 19, 15, 50, 33, 30, 3, 6, 32, 39, 11, 0]","[0, 21, 47, 4, 32, 16, 3, 43, 12, 25, 46, 20, 28, 31, 33, 34, 1, 6, 23, 36, 9, 13, 15, 42, 29, 45, 10, 35, 19, 22, 24, 26, 50, 2, 14, 38, 48, 30, 49, 18, 5, 37, 41, 39, 11, 40, 7, 17, 27, 8, 44, 0]","[0, 10, 35, 29, 45, 39, 11, 17, 7, 31, 1, 5, 49, 32, 23, 37, 44, 22, 27, 14, 28, 38, 24, 40, 12, 41, 33, 13, 20, 48, 42, 34, 21, 3, 50, 9, 46, 4, 30, 36, 8, 47, 19, 6, 18, 26, 43, 2, 25, 16, 15, 0]",50,0.2,0.2,2025-09-29 11:40:52.902340
32,1,0,24180.0979700918,"[0, 35, 6, 9, 10, 50, 20, 30, 32, 48, 39, 14, 1, 12, 28, 23, 21, 26, 42, 22, 19, 3, 31, 40, 13, 27, 5, 4, 29, 49, 41, 11, 44, 47, 33, 46, 45, 7, 2, 36, 38, 37, 24, 43, 17, 16, 34, 25, 8, 15, 18, 0]","[0, 45, 50, 42, 20, 2, 4, 17, 12, 33, 18, 3, 27, 40, 47, 9, 31, 39, 8, 23, 41, 5, 43, 7, 19, 10, 6, 48, 16, 21, 38, 25, 37, 46, 1, 26, 36, 15, 49, 32, 35, 14, 30, 24, 13, 34, 44, 28, 29, 22, 11, 0]","[0, 35, 1, 18, 28, 6, 31, 25, 44, 33, 30, 37, 42, 27, 46, 17, 41, 19, 50, 34, 48, 5, 45, 39, 40, 7, 49, 3, 26, 22, 13, 11, 16, 21, 24, 32, 2, 15, 36, 47, 20, 38, 14, 8, 10, 43, 12, 4, 23, 29, 9, 0]",50,0.2,0.2,2025-09-29 11:40:52.905038
33,1,0,21817.13487329904,"[0, 26, 8, 11, 19, 9, 35, 3, 10, 47, 27, 14, 36, 2, 32, 31, 24, 18, 13, 34, 7, 15, 21, 23, 41, 49, 39, 16, 50, 20, 48, 42, 6, 46, 38, 44, 22, 12, 5, 4, 1, 37, 30, 28, 25, 40, 43, 17, 29, 45, 33, 0]","[0, 19, 44, 20, 49, 33, 22, 50, 15, 13, 12, 25, 17, 2, 3, 40, 24, 38, 39, 21, 4, 23, 30, 1, 26, 27, 29, 36, 45, 42, 28, 5, 10, 35, 46, 16, 32, 37, 31, 9, 48, 6, 11, 18, 43, 47, 7, 14, 41, 8, 34, 0]","[0, 12, 7, 45, 33, 23, 38, 43, 47, 39, 24, 15, 44, 25, 28, 27, 22, 6, 10, 32, 48, 37, 29, 20, 50, 42, 36, 4, 9, 35, 16, 17, 46, 5, 31, 34, 41, 1, 49, 8, 19, 14, 3, 2, 18, 13, 26, 21, 11, 30, 40, 0]",50,0.2,0.2,2025-09-29 11:40:52.906549
34,1,0,26819.855885378332,"[0, 3, 5, 8, 37, 38, 40, 19, 28, 20, 2, 49, 29, 48, 21, 23, 34, 7, 35, 30, 33, 27, 18, 1, 10, 4, 41, 12, 39, 50, 24, 11, 46, 47, 13, 44, 32, 43, 15, 6, 17, 45, 36, 9, 42, 26, 22, 31, 14, 16, 25, 0]","[0, 26, 8, 11, 19, 9, 35, 3, 10, 47, 27, 14, 36, 2, 32, 31, 24, 18, 13, 34, 7, 15, 21, 23, 41, 49, 39, 16, 50, 20, 48, 42, 6, 46, 38, 44, 22, 12, 5, 4, 1, 37, 30, 28, 25, 40, 43, 17, 29, 45, 33, 0]","[0, 34, 7, 21, 23, 1, 11, 9, 12, 26, 38, 5, 32, 15, 13, 47, 40, 28, 19, 4, 31, 24, 6, 10, 17, 39, 2, 41, 45, 43, 49, 25, 14, 8, 46, 36, 44, 20, 35, 29, 30, 50, 48, 27, 22, 3, 18, 16, 33, 37, 42, 0]",50,0.2,0.2,2025-09-29 11:40:52.907822
35,1,0,25479.96866197911,"[0, 19, 44, 20, 49, 33, 22, 50, 15, 13, 12, 25, 17, 2, 3, 40, 24, 38, 39, 21, 4, 23, 30, 1, 26, 27, 29, 36, 45, 42, 28, 5, 10, 35, 46, 16, 32, 37, 31, 9, 48, 6, 11, 18, 43, 47, 7, 14, 41, 8, 34, 0]","[0, 8, 38, 32, 35, 1, 34, 9, 28, 11, 15, 39, 48, 40, 44, 23, 46, 4, 41, 13, 50, 6, 45, 43, 12, 36, 20, 16, 27, 29, 24, 14, 3, 49, 18, 7, 19, 31, 37, 10, 22, 21, 30, 2, 33, 17, 47, 5, 42, 26, 25, 0]","[0, 31, 37, 27, 29, 36, 15, 8, 45, 9, 39, 7, 11, 21, 47, 16, 2, 34, 32, 19, 17, 10, 6, 20, 41, 42, 50, 38, 25, 40, 18, 14, 3, 5, 43, 1, 49, 12, 23, 26, 4, 13, 24, 48, 46, 30, 28, 35, 33, 44, 22, 0]",50,0.2,0.2,2025-09-29 11:40:52.909098
36,1,0,25544.346747942032,"[0, 29, 15, 10, 5, 46, 14, 24, 9, 48, 36, 45, 21, 33, 31, 18, 34, 41, 12, 26, 42, 19, 11, 17, 43, 16, 30, 20, 3, 8, 6, 2, 49, 37, 25, 27, 7, 1, 39, 13, 35, 23, 28, 22, 4, 38, 32, 50, 40, 47, 44, 0]","[0, 45, 50, 42, 20, 2, 4, 17, 12, 33, 18, 3, 27, 40, 47, 9, 31, 39, 8, 23, 41, 5, 43, 7, 19, 10, 6, 48, 16, 21, 38, 25, 37, 46, 1, 26, 36, 15, 49, 32, 35, 14, 30, 24, 13, 34, 44, 28, 29, 22, 11, 0]","[0, 37, 25, 40, 47, 28, 12, 24, 27, 49, 26, 45, 31, 38, 2, 32, 50, 6, 1, 8, 29, 13, 44, 5, 18, 4, 43, 33, 16, 15, 23, 21, 30, 34, 42, 22, 41, 46, 17, 35, 48, 39, 19, 7, 20, 9, 10, 11, 36, 3, 14, 0]",50,0.2,0.2,2025-09-29 11:40:52.910376
37,1,0,26897.07401724337,"[0, 8, 38, 32, 35, 1, 34, 9, 28, 11, 15, 39, 48, 40, 44, 23, 46, 4, 41, 13, 50, 6, 45, 43, 12, 36, 20, 16, 27, 29, 24, 14, 3, 49, 18, 7, 19, 31, 37, 10, 22, 21, 30, 2, 33, 17, 47, 5, 42, 26, 25, 0]","[0, 30, 8, 1, 44, 14, 7, 17, 23, 5, 20, 4, 24, 42, 11, 49, 27, 6, 21, 13, 48, 38, 35, 28, 3, 46, 29, 26, 32, 16, 39, 33, 37, 31, 12, 9, 47, 15, 10, 36, 34, 22, 25, 50, 19, 45, 43, 2, 41, 40, 18, 0]","[0, 37, 31, 45, 43, 47, 22, 17, 7, 40, 24, 2, 21, 50, 41, 1, 39, 19, 30, 11, 14, 16, 23, 26, 18, 8, 32, 5, 20, 48, 29, 25, 13, 38, 6, 12, 10, 27, 4, 3, 28, 9, 36, 46, 33, 49, 15, 42, 35, 44, 34, 0]",50,0.2,0.2,2025-09-29 11:40:52.911608
38,1,0,26659.361713483602,"[0, 19, 44, 20, 49, 33, 22, 50, 15, 13, 12, 25, 17, 2, 3, 40, 24, 38, 39, 21, 4, 23, 30, 1, 26, 27, 29, 36, 45, 42, 28, 5, 10, 35, 46, 16, 32, 37, 31, 9, 48, 6, 11, 18, 43, 47, 7, 14, 41, 8, 34, 0]","[0, 35, 6, 9, 10, 50, 20, 30, 32, 48, 39, 14, 1, 12, 28, 23, 21, 26, 42, 22, 19, 3, 31, 40, 13, 27, 5, 4, 29, 49, 41, 11, 44, 47, 33, 46, 45, 7, 2, 36, 38, 37, 24, 43, 17, 16, 34, 25, 8, 15, 18, 0]","[0, 10, 5, 41, 20, 35, 49, 33, 23, 31, 3, 8, 42, 38, 30, 25, 45, 32, 15, 26, 2, 16, 43, 11, 4, 28, 36, 22, 19, 37, 27, 44, 14, 47, 12, 46, 39, 17, 24, 50, 18, 9, 7, 6, 29, 1, 34, 13, 40, 21, 48, 0]",50,0.2,0.2,2025-09-29 11:40:52.912813
39,1,0,26458.9577682768,"[0, 21, 47, 4, 32, 16, 3, 43, 12, 25, 46, 20, 28, 31, 33, 34, 1, 6, 23, 36, 9, 13, 15, 42, 29, 45, 10, 35, 19, 22, 24, 26, 50, 2, 14, 38, 48, 30, 49, 18, 5, 37, 41, 39, 11, 40, 7, 17, 27, 8, 44, 0]","[0, 26, 8, 11, 19, 9, 35, 3, 10, 47, 27, 14, 36, 2, 32, 31, 24, 18, 13, 34, 7, 15, 21, 23, 41, 49, 39, 16, 50, 20, 48, 42, 6, 46, 38, 44, 22, 12, 5, 4, 1, 37, 30, 28, 25, 40, 43, 17, 29, 45, 33, 0]","[0, 29, 45, 12, 14, 23, 9, 49, 17, 36, 16, 13, 30, 42, 27, 3, 11, 50, 8, 10, 19, 35, 20, 33, 5, 18, 26, 41, 44, 28, 21, 31, 43, 22, 4, 34, 25, 46, 24, 1, 32, 15, 39, 37, 7, 6, 47, 38, 48, 2, 40, 0]",50,0.2,0.2,2025-09-29 11:40:52.914030
40,1,0,25067.96969773611,"[0, 45, 50, 42, 20, 2, 4, 17, 12, 33, 18, 3, 27, 40, 47, 9, 31, 39, 8, 23, 41, 5, 43, 7, 19, 10, 6, 48, 16, 21, 38, 25, 37, 46, 1, 26, 36, 15, 49, 32, 35, 14, 30, 24, 13, 34, 44, 28, 29, 22, 11, 0]","[0, 38, 21, 29, 23, 17, 35, 24, 6, 50, 8, 45, 39, 25, 12, 30, 41, 40, 43, 5, 42, 34, 1, 20, 28, 37, 27, 7, 18, 49, 26, 31, 33, 15, 22, 9, 13, 2, 3, 36, 19, 46, 14, 32, 11, 10, 16, 47, 4, 44, 48, 0]","[0, 43, 5, 21, 38, 11, 1, 44, 36, 33, 48, 27, 20, 40, 16, 13, 42, 49, 50, 46, 9, 4, 45, 26, 41, 18, 15, 25, 24, 23, 22, 2, 35, 19, 10, 28, 30, 12, 29, 6, 7, 39, 14, 47, 37, 17, 32, 8, 34, 31, 3, 0]",50,0.2,0.2,2025-09-29 11:40:52.915237
41,1,0,26548.875608813127,"[0, 23, 21, 47, 4, 24, 29, 14, 19, 31, 45, 41, 2, 44, 5, 48, 12, 38, 32, 8, 33, 10, 7, 26, 42, 9, 16, 49, 35, 6, 15, 20, 18, 27, 28, 50, 46, 22, 37, 30, 25, 40, 13, 11, 3, 36, 39, 17, 43, 1, 34, 0]","[0, 35, 21, 31, 6, 23, 25, 16, 5, 44, 8, 15, 22, 9, 49, 36, 47, 11, 20, 33, 26, 37, 40, 17, 50, 12, 7, 27, 4, 14, 29, 48, 28, 45, 18, 1, 10, 46, 19, 32, 41, 2, 13, 34, 3, 42, 43, 38, 24, 39, 30, 0]","[0, 41, 2, 14, 29, 44, 5, 3, 27, 6, 20, 31, 24, 17, 15, 13, 43, 30, 45, 12, 48, 46, 1, 49, 7, 18, 36, 4, 23, 22, 50, 39, 35, 10, 33, 9, 32, 16, 38, 37, 28, 40, 8, 47, 25, 21, 26, 42, 34, 19, 11, 0]",50,0.2,0.2,2025-09-29 11:40:52.916526
42,1,0,27432.130860340247,"[0, 45, 7, 26, 17, 13, 22, 34, 9, 24, 30, 21, 44, 42, 16, 41, 47, 11, 23, 5, 10, 19, 32, 3, 35, 4, 27, 28, 37, 31, 46, 20, 39, 2, 33, 43, 40, 15, 49, 25, 36, 6, 50, 12, 38, 48, 14, 18, 29, 8, 1, 0]","[0, 2, 44, 47, 4, 11, 16, 35, 45, 3, 8, 23, 27, 41, 50, 15, 20, 21, 48, 46, 7, 19, 40, 33, 43, 30, 22, 36, 34, 24, 25, 12, 37, 1, 28, 9, 31, 29, 42, 14, 49, 38, 39, 26, 10, 5, 32, 17, 13, 18, 6, 0]","[0, 33, 43, 17, 13, 5, 10, 3, 31, 47, 12, 7, 48, 45, 8, 21, 24, 35, 32, 2, 11, 37, 40, 23, 34, 42, 41, 28, 1, 20, 39, 46, 4, 44, 16, 18, 14, 6, 29, 26, 15, 36, 22, 49, 19, 30, 27, 9, 25, 38, 50, 0]",50,0.2,0.2,2025-09-29 11:40:52.917812
43,1,0,27884.571816035146,"[0, 3, 5, 8, 37, 38, 40, 19, 28, 20, 2, 49, 29, 48, 21, 23, 34, 7, 35, 30, 33, 27, 18, 1, 10, 4, 41, 12, 39, 50, 24, 11, 46, 47, 13, 44, 32, 43, 15, 6, 17, 45, 36, 9, 42, 26, 22, 31, 14, 16, 25, 0]","[0, 29, 15, 10, 5, 46, 14, 24, 9, 48, 36, 45, 21, 33, 31, 18, 34, 41, 12, 26, 42, 19, 11, 17, 43, 16, 30, 20, 3, 8, 6, 2, 49, 37, 25, 27, 7, 1, 39, 13, 35, 23, 28, 22, 4, 38, 32, 50, 40, 47, 44, 0]","[0, 42, 26, 36, 45, 2, 49, 41, 12, 33, 34, 39, 19, 20, 24, 27, 28, 7, 30, 50, 5, 18, 31, 38, 46, 3, 14, 6, 11, 21, 35, 15, 16, 32, 13, 17, 48, 47, 29, 44, 23, 1, 4, 25, 8, 10, 43, 9, 22, 37, 40, 0]",50,0.2,0.2,2025-09-29 11:40:52.919135
44,1,0,21858.247339178313,"[0, 45, 7, 26, 17, 13, 22, 34, 9, 24, 30, 21, 44, 42, 16, 41, 47, 11, 23, 5, 10, 19, 32, 3, 35, 4, 27, 28, 37, 31, 46, 20, 39, 2, 33, 43, 40, 15, 49, 25, 36, 6, 50, 12, 38, 48, 14, 18, 29, 8, 1, 0]","[0, 23, 21, 47, 4, 24, 29, 14, 19, 31, 45, 41, 2, 44, 5, 48, 12, 38, 32, 8, 33, 10, 7, 26, 42, 9, 16, 49, 35, 6, 15, 20, 18, 27, 28, 50, 46, 22, 37, 30, 25, 40, 13, 11, 3, 36, 39, 17, 43, 1, 34, 0]","[0, 7, 26, 27, 28, 12, 38, 50, 36, 8, 44, 4, 41, 17, 39, 37, 48, 18, 14, 32, 46, 40, 30, 11, 23, 49, 20, 24, 29, 15, 13, 33, 10, 47, 9, 1, 2, 19, 43, 34, 5, 21, 22, 35, 16, 25, 42, 45, 31, 6, 3, 0]",50,0.2,0.2,2025-09-29 11:40:52.921619
45,1,0,25233.51715198509,"[0, 39, 35, 24, 44, 42, 50, 38, 26, 16, 46, 30, 43, 2, 31, 21, 9, 48, 4, 14, 7, 5, 3, 25, 23, 18, 28, 11, 22, 12, 8, 32, 33, 19, 6, 15, 13, 17, 29, 40, 1, 41, 37, 47, 20, 34, 45, 27, 36, 10, 49, 0]","[0, 31, 3, 34, 45, 27, 2, 25, 19, 26, 29, 24, 9, 6, 46, 40, 15, 41, 32, 10, 5, 11, 4, 48, 38, 47, 33, 1, 37, 13, 49, 12, 17, 16, 30, 21, 14, 39, 50, 20, 35, 22, 8, 28, 44, 18, 36, 43, 7, 23, 42, 0]","[0, 34, 45, 27, 48, 4, 42, 35, 10, 11, 20, 47, 31, 2, 33, 26, 39, 7, 6, 43, 38, 32, 28, 41, 13, 37, 23, 24, 16, 49, 44, 8, 36, 30, 46, 29, 3, 21, 40, 18, 12, 17, 9, 15, 19, 1, 22, 25, 50, 14, 5, 0]",50,0.2,0.2,2025-09-29 11:40:52.923111
46,1,0,25161.16041750731,"[0, 38, 21, 29, 23, 17, 35, 24, 6, 50, 8, 45, 39, 25, 12, 30, 41, 40, 43, 5, 42, 34, 1, 20, 28, 37, 27, 7, 18, 49, 26, 31, 33, 15, 22, 9, 13, 2, 3, 36, 19, 46, 14, 32, 11, 10, 16, 47, 4, 44, 48, 0]","[0, 26, 8, 11, 19, 9, 35, 3, 10, 47, 27, 14, 36, 2, 32, 31, 24, 18, 13, 34, 7, 15, 21, 23, 41, 49, 39, 16, 50, 20, 48, 42, 6, 46, 38, 44, 22, 12, 5, 4, 1, 37, 30, 28, 25, 40, 43, 17, 29, 45, 33, 0]","[0, 40, 43, 33, 49, 18, 13, 22, 38, 45, 20, 29, 12, 1, 25, 30, 6, 8, 24, 3, 46, 50, 21, 41, 47, 36, 31, 39, 35, 16, 17, 32, 11, 27, 9, 7, 34, 19, 23, 14, 44, 2, 4, 10, 48, 26, 5, 15, 28, 42, 37, 0]",50,0.2,0.2,2025-09-29 11:40:52.924384
47,1,0,25281.875240806174,"[0, 23, 21, 47, 4, 24, 29, 14, 19, 31, 45, 41, 2, 44, 5, 48, 12, 38, 32, 8, 33, 10, 7, 26, 42, 9, 16, 49, 35, 6, 15, 20, 18, 27, 28, 50, 46, 22, 37, 30, 25, 40, 13, 11, 3, 36, 39, 17, 43, 1, 34, 0]","[0, 35, 6, 9, 10, 50, 20, 30, 32, 48, 39, 14, 1, 12, 28, 23, 21, 26, 42, 22, 19, 3, 31, 40, 13, 27, 5, 4, 29, 49, 41, 11, 44, 47, 33, 46, 45, 7, 2, 36, 38, 37, 24, 43, 17, 16, 34, 25, 8, 15, 18, 0]","[0, 40, 13, 43, 17, 26, 42, 23, 21, 35, 6, 1, 15, 9, 47, 14, 39, 20, 41, 5, 34, 44, 4, 27, 7, 49, 37, 18, 48, 28, 33, 10, 30, 50, 32, 24, 2, 36, 3, 29, 12, 38, 45, 11, 25, 46, 19, 8, 16, 22, 31, 0]",50,0.2,0.2,2025-09-29 11:40:52.925833
48,1,0,26072.502018377912,"[0, 35, 21, 31, 6, 23, 25, 16, 5, 44, 8, 15, 22, 9, 49, 36, 47, 11, 20, 33, 26, 37, 40, 17, 50, 12, 7, 27, 4, 14, 29, 48, 28, 45, 18, 1, 10, 46, 19, 32, 41, 2, 13, 34, 3, 42, 43, 38, 24, 39, 30, 0]","[0, 45, 7, 26, 17, 13, 22, 34, 9, 24, 30, 21, 44, 42, 16, 41, 47, 11, 23, 5, 10, 19, 32, 3, 35, 4, 27, 28, 37, 31, 46, 20, 39, 2, 33, 43, 40, 15, 49, 25, 36, 6, 50, 12, 38, 48, 14, 18, 29, 8, 1, 0]","[0, 19, 32, 27, 4, 47, 11, 50, 12, 3, 40, 39, 42, 1, 49, 7, 28, 34, 43, 36, 5, 21, 10, 6, 13, 46, 29, 48, 8, 26, 33, 2, 24, 45, 18, 14, 44, 31, 20, 25, 37, 41, 9, 23, 38, 15, 22, 17, 35, 30, 16, 0]",50,0.2,0.2,2025-09-29 11:40:52.927245
49,1,0,25059.630291172954,"[0, 26, 8, 11, 19, 9, 35, 3, 10, 47, 27, 14, 36, 2, 32, 31, 24, 18, 13, 34, 7, 15, 21, 23, 41, 49, 39, 16, 50, 20, 48, 42, 6, 46, 38, 44, 22, 12, 5, 4, 1, 37, 30, 28, 25, 40, 43, 17, 29, 45, 33, 0]","[0, 38, 21, 29, 23, 17, 35, 24, 6, 50, 8, 45, 39, 25, 12, 30, 41, 40, 43, 5, 42, 34, 1, 20, 28, 37, 27, 7, 18, 49, 26, 31, 33, 15, 22, 9, 13, 2, 3, 36, 19, 46, 14, 32, 11, 10, 16, 47, 4, 44, 48, 0]","[0, 40, 43, 31, 26, 9, 36, 27, 33, 29, 13, 14, 1, 47, 50, 18, 21, 3, 6, 34, 38, 39, 22, 46, 7, 17, 41, 48, 12, 30, 24, 8, 28, 2, 32, 11, 19, 42, 5, 45, 37, 16, 25, 44, 20, 23, 49, 35, 15, 4, 10, 0]",50,0.2,0.2,2025-09-29 11:40:52.928632
50,1,0,25868.023034550377,"[0, 19, 44, 20, 49, 33, 22, 50, 15, 13, 12, 25, 17, 2, 3, 40, 24, 38, 39, 21, 4, 23, 30, 1, 26, 27, 29, 36, 45, 42, 28, 5, 10, 35, 46, 16, 32, 37, 31, 9, 48, 6, 11, 18, 43, 47, 7, 14, 41, 8, 34, 0]","[0, 23, 21, 47, 4, 24, 29, 14, 19, 31, 45, 41, 2, 44, 5, 48, 12, 38, 32, 8, 33, 10, 7, 26, 42, 9, 16, 49, 35, 6, 15, 20, 18, 27, 28, 50, 46, 22, 37, 30, 25, 40, 13, 11, 3, 36, 39, 17, 43, 1, 34, 0]","[0, 34, 50, 49, 21, 14, 47, 12, 22, 13, 26, 18, 42, 6, 46, 44, 33, 24, 16, 23, 2, 15, 38, 31, 30, 35, 36, 17, 5, 7, 25, 28, 4, 19, 8, 20, 43, 1, 27, 37, 41, 39, 48, 11, 40, 29, 45, 9, 32, 10, 3, 0]",50,0.2,0.2,2025-09-29 11:40:52.930103
51,1,0,23599.44173601731,"[0, 38, 21, 29, 23, 17, 35, 24, 6, 50, 8, 45, 39, 25, 12, 30, 41, 40, 43, 5, 42, 34, 1, 20, 28, 37, 27, 7, 18, 49, 26, 31, 33, 15, 22, 9, 13, 2, 3, 36, 19, 46, 14, 32, 11, 10, 16, 47, 4, 44, 48, 0]","[0, 2, 44, 47, 4, 11, 16, 35, 45, 3, 8, 23, 27, 41, 50, 15, 20, 21, 48, 46, 7, 19, 40, 33, 43, 30, 22, 36, 34, 24, 25, 12, 37, 1, 28, 9, 31, 29, 42, 14, 49, 38, 39, 26, 10, 5, 32, 17, 13, 18, 6, 0]","[0, 25, 12, 47, 4, 2, 15, 3, 43, 32, 14, 30, 18, 50, 38, 46, 7, 26, 17, 22, 35, 23, 13, 9, 10, 19, 31, 8, 33, 24, 21, 5, 39, 27, 1, 6, 40, 20, 44, 29, 42, 49, 11, 36, 34, 45, 16, 41, 48, 28, 37, 0]",50,0.2,0.2,2025-09-29 11:40:52.931677
52,1,0,25010.39414516303,"[0, 25, 14, 46, 42, 22, 23, 7, 36, 31, 2, 48, 21, 18, 24, 12, 49, 8, 41, 13, 40, 9, 16, 26, 17, 45, 29, 1, 27, 43, 28, 10, 35, 37, 47, 38, 44, 34, 4, 5, 20, 19, 15, 50, 33, 30, 3, 6, 32, 39, 11, 0]","[0, 38, 21, 29, 23, 17, 35, 24, 6, 50, 8, 45, 39, 25, 12, 30, 41, 40, 43, 5, 42, 34, 1, 20, 28, 37, 27, 7, 18, 49, 26, 31, 33, 15, 22, 9, 13, 2, 3, 36, 19, 46, 14, 32, 11, 10, 16, 47, 4, 44, 48, 0]","[0, 46, 14, 37, 5, 42, 13, 28, 17, 11, 3, 8, 38, 25, 30, 24, 18, 50, 15, 27, 9, 23, 36, 32, 39, 43, 34, 47, 26, 41, 29, 7, 40, 31, 6, 10, 48, 2, 12, 4, 1, 49, 19, 44, 16, 21, 33, 35, 20, 45, 22, 0]",50,0.2,0.2,2025-09-29 11:40:52.933184
53,1,0,26113.596836139845,"[0, 45, 7, 26, 17, 13, 22, 34, 9, 24, 30, 21, 44, 42, 16, 41, 47, 11, 23, 5, 10, 19, 32, 3, 35, 4, 27, 28, 37, 31, 46, 20, 39, 2, 33, 43, 40, 15, 49, 25, 36, 6, 50, 12, 38, 48, 14, 18, 29, 8, 1, 0]","[0, 23, 21, 47, 4, 24, 29, 14, 19, 31, 45, 41, 2, 44, 5, 48, 12, 38, 32, 8, 33, 10, 7, 26, 42, 9, 16, 49, 35, 6, 15, 20, 18, 27, 28, 50, 46, 22, 37, 30, 25, 40, 13, 11, 3, 36, 39, 17, 43, 1, 34, 0]","[0, 7, 26, 27, 28, 12, 38, 46, 5, 19, 25, 11, 31, 23, 50, 39, 24, 14, 35, 4, 1, 10, 48, 13, 30, 2, 22, 8, 32, 21, 36, 49, 33, 42, 15, 47, 17, 6, 41, 44, 45, 3, 37, 29, 18, 43, 34, 9, 20, 40, 16, 0]",50,0.2,0.2,2025-09-29 11:40:52.934722
54,1,0,25560.74552095247,"[0, 3, 5, 8, 37, 38, 40, 19, 28, 20, 2, 49, 29, 48, 21, 23, 34, 7, 35, 30, 33, 27, 18, 1, 10, 4, 41, 12, 39, 50, 24, 11, 46, 47, 13, 44, 32, 43, 15, 6, 17, 45, 36, 9, 42, 26, 22, 31, 14, 16, 25, 0]","[0, 17, 6, 42, 8, 38, 13, 44, 25, 29, 43, 2, 22, 50, 34, 28, 26, 4, 11, 39, 24, 41, 12, 47, 48, 49, 32, 9, 20, 14, 21, 10, 7, 36, 31, 19, 5, 37, 40, 3, 33, 16, 1, 35, 23, 15, 46, 45, 18, 30, 27, 0]","[0, 13, 44, 41, 12, 6, 17, 30, 16, 11, 46, 24, 39, 5, 1, 15, 36, 38, 20, 31, 37, 32, 34, 27, 18, 25, 8, 48, 47, 42, 21, 49, 33, 29, 43, 2, 40, 50, 28, 4, 19, 7, 22, 45, 9, 14, 23, 35, 3, 26, 10, 0]",50,0.2,0.2,2025-09-29 11:40:52.936767
55,1,0,25059.51558507225,"[0, 19, 44, 20, 49, 33, 22, 50, 15, 13, 12, 25, 17, 2, 3, 40, 24, 38, 39, 21, 4, 23, 30, 1, 26, 27, 29, 36, 45, 42, 28, 5, 10, 35, 46, 16, 32, 37, 31, 9, 48, 6, 11, 18, 43, 47, 7, 14, 41, 8, 34, 0]","[0, 2, 44, 47, 4, 11, 16, 35, 45, 3, 8, 23, 27, 41, 50, 15, 20, 21, 48, 46, 7, 19, 40, 33, 43, 30, 22, 36, 34, 24, 25, 12, 37, 1, 28, 9, 31, 29, 42, 14, 49, 38, 39, 26, 10, 5, 32, 17, 13, 18, 6, 0]","[0, 50, 15, 25, 12, 10, 5, 38, 39, 31, 9, 26, 28, 22, 7, 14, 44, 30, 33, 40, 42, 34, 21, 48, 43, 2, 13, 35, 37, 27, 36, 29, 8, 41, 3, 45, 16, 4, 19, 49, 18, 17, 11, 32, 46, 47, 23, 24, 1, 6, 20, 0]",50,0.2,0.2,2025-09-29 11:40:52.938696
56,1,0,26035.592754922156,"[0, 39, 41, 14, 49, 29, 21, 50, 20, 42, 13, 30, 38, 12, 31, 40, 9, 25, 11, 8, 10, 27, 28, 4, 33, 7, 32, 16, 22, 37, 1, 17, 43, 36, 26, 15, 5, 45, 34, 19, 23, 24, 2, 35, 44, 18, 48, 3, 6, 47, 46, 0]","[0, 35, 21, 31, 6, 23, 25, 16, 5, 44, 8, 15, 22, 9, 49, 36, 47, 11, 20, 33, 26, 37, 40, 17, 50, 12, 7, 27, 4, 14, 29, 48, 28, 45, 18, 1, 10, 46, 19, 32, 41, 2, 13, 34, 3, 42, 43, 38, 24, 39, 30, 0]","[0, 38, 15, 8, 4, 7, 34, 29, 17, 45, 6, 42, 36, 25, 12, 19, 23, 16, 40, 22, 50, 49, 41, 28, 10, 47, 9, 32, 5, 37, 11, 27, 13, 48, 1, 39, 46, 35, 21, 20, 44, 30, 3, 14, 33, 31, 2, 24, 18, 26, 43, 0]",50,0.2,0.2,2025-09-29 11:40:52.940094
57,1,0,24943.550845081423,"[0, 45, 50, 42, 20, 2, 4, 17, 12, 33, 18, 3, 27, 40, 47, 9, 31, 39, 8, 23, 41, 5, 43, 7, 19, 10, 6, 48, 16, 21, 38, 25, 37, 46, 1, 26, 36, 15, 49, 32, 35, 14, 30, 24, 13, 34, 44, 28, 29, 22, 11, 0]","[0, 30, 8, 1, 44, 14, 7, 17, 23, 5, 20, 4, 24, 42, 11, 49, 27, 6, 21, 13, 48, 38, 35, 28, 3, 46, 29, 26, 32, 16, 39, 33, 37, 31, 12, 9, 47, 15, 10, 36, 34, 22, 25, 50, 19, 45, 43, 2, 41, 40, 18, 0]","[0, 47, 9, 38, 8, 10, 11, 44, 24, 18, 41, 28, 23, 45, 12, 19, 27, 36, 26, 37, 5, 40, 50, 29, 34, 20, 39, 35, 16, 43, 6, 25, 1, 21, 49, 46, 4, 48, 30, 14, 3, 42, 7, 17, 2, 22, 33, 31, 13, 15, 32, 0]",50,0.2,0.2,2025-09-29 11:40:52.941504
58,1,0,25856.465616257974,"[0, 39, 35, 24, 44, 42, 50, 38, 26, 16, 46, 30, 43, 2, 31, 21, 9, 48, 4, 14, 7, 5, 3, 25, 23, 18, 28, 11, 22, 12, 8, 32, 33, 19, 6, 15, 13, 17, 29, 40, 1, 41, 37, 47, 20, 34, 45, 27, 36, 10, 49, 0]","[0, 31, 3, 34, 45, 27, 2, 25, 19, 26, 29, 24, 9, 6, 46, 40, 15, 41, 32, 10, 5, 11, 4, 48, 38, 47, 33, 1, 37, 13, 49, 12, 17, 16, 30, 21, 14, 39, 50, 20, 35, 22, 8, 28, 44, 18, 36, 43, 7, 23, 42, 0]","[0, 34, 45, 27, 4, 48, 31, 20, 24, 50, 3, 2, 18, 21, 43, 41, 28, 7, 30, 19, 37, 22, 13, 29, 5, 16, 25, 38, 17, 6, 14, 40, 33, 10, 8, 47, 46, 12, 23, 32, 11, 1, 42, 39, 15, 36, 49, 26, 9, 44, 35, 0]",50,0.2,0.2,2025-09-29 11:40:52.942936
59,1,0,26024.02634751447,"[0, 3, 5, 8, 37, 38, 40, 19, 28, 20, 2, 49, 29, 48, 21, 23, 34, 7, 35, 30, 33, 27, 18, 1, 10, 4, 41, 12, 39, 50, 24, 11, 46, 47, 13, 44, 32, 43, 15, 6, 17, 45, 36, 9, 42, 26, 22, 31, 14, 16, 25, 0]","[0, 8, 38, 32, 35, 1, 34, 9, 28, 11, 15, 39, 48, 40, 44, 23, 46, 4, 41, 13, 50, 6, 45, 43, 12, 36, 20, 16, 27, 29, 24, 14, 3, 49, 18, 7, 19, 31, 37, 10, 22, 21, 30, 2, 33, 17, 47, 5, 42, 26, 25, 0]","[0, 42, 26, 4, 41, 25, 22, 39, 12, 43, 45, 5, 37, 14, 2, 6, 38, 32, 49, 15, 3, 1, 29, 10, 28, 20, 21, 48, 31, 36, 13, 9, 35, 47, 19, 30, 18, 7, 40, 24, 50, 27, 23, 33, 16, 17, 8, 44, 46, 34, 11, 0]",50,0.2,0.2,2025-09-29 11:40:52.944389
60,1,0,26473.113306640036,"[0, 35, 21, 31, 6, 23, 25, 16, 5, 44, 8, 15, 22, 9, 49, 36, 47, 11, 20, 33, 26, 37, 40, 17, 50, 12, 7, 27, 4, 14, 29, 48, 28, 45, 18, 1, 10, 46, 19, 32, 41, 2, 13, 34, 3, 42, 43, 38, 24, 39, 30, 0]","[0, 26, 8, 11, 19, 9, 35, 3, 10, 47, 27, 14, 36, 2, 32, 31, 24, 18, 13, 34, 7, 15, 21, 23, 41, 49, 39, 16, 50, 20, 48, 42, 6, 46, 38, 44, 22, 12, 5, 4, 1, 37, 30, 28, 25, 40, 43, 17, 29, 45, 33, 0]","[0, 13, 34, 17, 23, 39, 35, 45, 16, 9, 18, 46, 1, 43, 25, 27, 14, 38, 41, 20, 8, 40, 31, 32, 22, 7, 10, 30, 37, 24, 28, 47, 49, 3, 19, 48, 6, 21, 26, 15, 5, 11, 4, 42, 2, 29, 33, 50, 44, 36, 12, 0]",50,0.2,0.2,2025-09-29 11:40:52.945699
